0.1
0.01
0.001
0.0001
0.00001
0.000001
1.1
1.01
1.001
1.0001
1.00001
1.000001
10.1
10.01
10.001
10.0001
10.00001
10.000001
100.1
100.01
100.001
100.0001
100.00001
100.000001
1000.1
1000.01
1000.001
1000.0001
1000.00001
1000.000001
10000.1
10000.01
10000.001
10000.0001
10000.00001
10000.000001
100000.1
100000.01
100000.001
100000.0001
100000.00001
100000.000001
1000000.1
1000000.01
1000000.001
1000000.0001
1000000.00001
1000000.000001
10000000.1
10000000.01
10000000.001
10000000.0001
10000000.00001
10000000.000001
100000000.1
100000000.01
100000000.001
100000000.0001
100000000.00001
100000000.000001